
                                           1.0

                              [ x< -55.0 , 2 ]

                                                               1.0

                                                  [ x< -64.0 , 4 ]

                                                                                             4.0

                                                                                [ x< -63.0 , 3 ]

                                                                                             1.0

                                                                      [ x< -60.0 , 0 ]

                                                                                   4.0

                                                            [ x< -82.0 , 5 ]

                                                                         1.0

                                        [ x< -56.0 , 0 ]

                                                               4.0

                                                  [ x< -52.0 , 1 ]

                                                               3.0

                    [ x< -55.0 , 3 ]

                                           3.0

                              [ x< -50.0 , 1 ]

                                                     3.0

                                        [ x< -58.0 , 0 ]

                                                     1.0

          [ x< -59.0 , 4 ]

                                           4.0

                              [ x< -58.0 , 3 ]

                                           3.0

                    [ x< -56.0 , 4 ]

                                 4.0

[ x< -54.0 , 0 ]

                                                               3.0

                                                  [ x< -50.0 , 0 ]

                                                               2.0

                                        [ x< -57.0 , 2 ]

                                                     3.0

                              [ x< -48.0 , 3 ]

                                                               2.0

                                                  [ x< -59.0 , 1 ]

                                                               3.0

                                        [ x< -58.0 , 1 ]

                                                     2.0

                    [ x< -70.0 , 4 ]

                                                                                                       3.0

                                                                                          [ x< -48.0 , 0 ]

                                                                                                                 2.0

                                                                                                    [ x< -55.0 , 1 ]

                                                                                                                 3.0

                                                                                [ x< -86.0 , 5 ]

                                                                                             3.0

                                                                      [ x< -48.0 , 3 ]

                                                                                                                 3.0

                                                                                                    [ x< -50.0 , 0 ]

                                                                                                                 2.0

                                                                                          [ x< -85.0 , 5 ]

                                                                                                                 2.0

                                                                                                    [ x< -60.0 , 2 ]

                                                                                                                           3.0

                                                                                                              [ x< -45.0 , 3 ]

                                                                                                                                     3.0

                                                                                                                        [ x< -47.0 , 0 ]

                                                                                                                                                         3.0

                                                                                                                                            [ x< -55.0 , 2 ]

                                                                                                                                                         2.0

                                                                                                                                  [ x< -45.0 , 0 ]

                                                                                                                                               2.0

                                                                                [ x< -55.0 , 1 ]

                                                                                             3.0

                                                            [ x< -77.0 , 5 ]

                                                                                   2.0

                                                                      [ x< -67.0 , 4 ]

                                                                                             3.0

                                                                                [ x< -49.0 , 0 ]

                                                                                                                 2.0

                                                                                                    [ x< -48.0 , 0 ]

                                                                                                                           3.0

                                                                                                              [ x< -55.0 , 2 ]

                                                                                                                                     3.0

                                                                                                                        [ x< -46.0 , 0 ]

                                                                                                                                     2.0

                                                                                          [ x< -52.0 , 1 ]

                                                                                                       3.0

                                                  [ x< -53.0 , 2 ]

                                                                         3.0

                                                            [ x< -59.0 , 4 ]

                                                                                   3.0

                                                                      [ x< -78.0 , 5 ]

                                                                                                       3.0

                                                                                          [ x< -47.0 , 0 ]

                                                                                                       2.0

                                                                                [ x< -58.0 , 4 ]

                                                                                             3.0

                                        [ x< -53.0 , 4 ]

                                                     4.0

                              [ x< -39.0 , 3 ]

                                           2.0

          [ x< -44.0 , 0 ]

                                           3.0

                              [ x< -42.0 , 0 ]

                                                     2.0

                                        [ x< -48.0 , 2 ]

                                                     3.0

                    [ x< -47.0 , 3 ]

                                 2.0
